0 0.118750 0.457215 0.018750 0.021812
0 0.200000 0.461409 0.031250 0.026846
0 0.301563 0.462248 0.021875 0.035235
0 0.287500 0.496644 0.018750 0.023490
0 0.343750 0.501678 0.025000 0.020134
0 0.393750 0.546141 0.025000 0.038591
0 0.371875 0.590604 0.018750 0.026846
0 0.435937 0.573826 0.028125 0.023490
0 0.404687 0.649329 0.028125 0.026846
0 0.460938 0.609899 0.028125 0.025168
0 0.445312 0.672819 0.034375 0.033557
0 0.490625 0.526007 0.025000 0.018456
0 0.490625 0.501678 0.025000 0.026846
0 0.465625 0.483221 0.018750 0.013423
0 0.462500 0.463926 0.006250 0.018456
0 0.481250 0.382550 0.018750 0.016779
0 0.531250 0.436242 0.018750 0.030201
0 0.556250 0.418624 0.012500 0.021812
0 0.551562 0.533557 0.028125 0.020134
0 0.584375 0.524329 0.025000 0.025168
