0 0.151562 0.502521 0.015625 0.013445
0 0.176563 0.500000 0.015625 0.025210
0 0.210938 0.494958 0.015625 0.018487
0 0.282813 0.515966 0.015625 0.026891
0 0.395313 0.497479 0.034375 0.030252
0 0.414062 0.526891 0.034375 0.025210
0 0.353125 0.568067 0.025000 0.033613
0 0.379688 0.586555 0.021875 0.030252
0 0.382812 0.546218 0.034375 0.010084
0 0.446875 0.605882 0.025000 0.021849
0 0.471875 0.591597 0.018750 0.040336
0 0.512500 0.601681 0.025000 0.030252
0 0.471875 0.532773 0.018750 0.033613
0 0.550000 0.458824 0.031250 0.057143
0 0.485938 0.360504 0.028125 0.042017
0 0.709375 0.410084 0.018750 0.020168
