0 0.423438 0.590604 0.021875 0.026846
0 0.468750 0.574664 0.018750 0.018456
0 0.379688 0.435403 0.015625 0.011745
0 0.401562 0.464765 0.015625 0.020134
0 0.531250 0.485738 0.018750 0.028523
0 0.485938 0.497483 0.034375 0.015101
0 0.635938 0.494128 0.015625 0.021812
0 0.681250 0.495805 0.018750 0.025168
0 0.598437 0.539430 0.021875 0.011745
0 0.554688 0.560403 0.015625 0.016779
0 0.490625 0.583893 0.037500 0.023490
0 0.467187 0.626678 0.015625 0.031879
0 0.493750 0.646812 0.025000 0.025168
0 0.495312 0.653523 0.046875 0.015101
