0 0.198437 0.463926 0.021875 0.021812
0 0.303125 0.463926 0.031250 0.035235
0 0.121875 0.455537 0.018750 0.021812
0 0.289062 0.496644 0.021875 0.023490
0 0.532813 0.435403 0.021875 0.028523
0 0.485938 0.380034 0.015625 0.015101
0 0.346875 0.502517 0.018750 0.018456
0 0.396875 0.553691 0.031250 0.043624
0 0.323437 0.543624 0.021875 0.016779
0 0.495312 0.515940 0.028125 0.041946
0 0.401562 0.647651 0.028125 0.030201
0 0.439063 0.571309 0.015625 0.021812
0 0.371875 0.596477 0.018750 0.028523
0 0.556250 0.417785 0.018750 0.020134
0 0.584375 0.523490 0.018750 0.016779
0 0.550000 0.535235 0.018750 0.010067
0 0.457813 0.611577 0.028125 0.025168
0 0.450000 0.670302 0.012500 0.025168
