0 0.379688 0.433725 0.015625 0.018456
0 0.401562 0.465604 0.015625 0.018456
0 0.485938 0.495805 0.034375 0.015101
0 0.531250 0.484060 0.018750 0.025168
0 0.639062 0.492450 0.021875 0.021812
0 0.684375 0.496644 0.025000 0.026846
0 0.426563 0.588087 0.028125 0.025168
0 0.467187 0.574664 0.021875 0.018456
0 0.493750 0.581376 0.043750 0.021812
0 0.553125 0.560403 0.025000 0.016779
0 0.532813 0.580537 0.034375 0.016779
0 0.598437 0.538591 0.021875 0.013423
0 0.470313 0.625000 0.021875 0.035235
0 0.489063 0.645134 0.034375 0.025168
0 0.495312 0.654362 0.040625 0.020134
