0 0.151562 0.502521 0.015625 0.013445
0 0.178125 0.498319 0.018750 0.031933
0 0.215625 0.495798 0.025000 0.023529
0 0.282813 0.511765 0.015625 0.031933
0 0.396875 0.495798 0.037500 0.033613
0 0.412500 0.526891 0.037500 0.025210
0 0.353125 0.568067 0.025000 0.033613
0 0.381250 0.547059 0.043750 0.011765
0 0.378125 0.585714 0.025000 0.031933
0 0.473438 0.532773 0.028125 0.036975
0 0.446875 0.605882 0.025000 0.028571
0 0.471875 0.594118 0.018750 0.038655
0 0.510938 0.600840 0.028125 0.031933
0 0.550000 0.458824 0.031250 0.057143
0 0.484375 0.359664 0.025000 0.040336
0 0.476562 0.404202 0.028125 0.031933
0 0.709375 0.412605 0.018750 0.015126
