0 0.154688 0.504202 0.015625 0.013445
0 0.179688 0.498319 0.015625 0.028571
0 0.209375 0.494958 0.025000 0.021849
0 0.292187 0.506723 0.028125 0.035294
0 0.393750 0.498319 0.025000 0.028571
0 0.414062 0.527731 0.028125 0.023529
0 0.353125 0.568067 0.025000 0.036975
0 0.382812 0.545378 0.046875 0.011765
0 0.376563 0.586555 0.015625 0.026891
0 0.445312 0.607563 0.028125 0.025210
0 0.470313 0.590756 0.021875 0.042017
0 0.512500 0.600840 0.025000 0.031933
0 0.548438 0.459664 0.021875 0.058824
0 0.485938 0.360504 0.028125 0.038655
0 0.479687 0.405042 0.034375 0.033613
0 0.706250 0.410084 0.025000 0.020168
0 0.478125 0.531933 0.025000 0.042017
