0 0.196875 0.461409 0.025000 0.023490
0 0.118750 0.456376 0.012500 0.016779
0 0.303125 0.467282 0.025000 0.028523
0 0.287500 0.493289 0.018750 0.020134
0 0.393750 0.546141 0.018750 0.031879
0 0.403125 0.646812 0.025000 0.025168
0 0.373437 0.590604 0.021875 0.023490
0 0.534375 0.433725 0.025000 0.031879
0 0.557813 0.418624 0.015625 0.018456
0 0.493750 0.500839 0.018750 0.021812
0 0.492188 0.526846 0.021875 0.020134
0 0.390625 0.570470 0.018750 0.013423
0 0.439063 0.572148 0.015625 0.023490
0 0.454688 0.610738 0.021875 0.020134
0 0.450000 0.671141 0.006250 0.023490
0 0.553125 0.534396 0.018750 0.015101
0 0.582812 0.524329 0.015625 0.018456
