0 0.120313 0.456376 0.015625 0.020134
0 0.196875 0.462248 0.025000 0.021812
0 0.306250 0.467282 0.018750 0.028523
0 0.287500 0.494128 0.012500 0.021812
0 0.532813 0.436242 0.015625 0.030201
0 0.556250 0.417785 0.006250 0.020134
0 0.390625 0.547819 0.018750 0.031879
0 0.343750 0.502517 0.012500 0.018456
0 0.371875 0.588926 0.012500 0.023490
0 0.403125 0.649329 0.025000 0.023490
0 0.437500 0.570470 0.018750 0.030201
0 0.495312 0.505034 0.015625 0.026846
0 0.550000 0.534396 0.018750 0.015101
0 0.585938 0.525168 0.015625 0.016779
0 0.492188 0.527685 0.021875 0.018456
0 0.459375 0.610738 0.031250 0.030201
0 0.451562 0.669463 0.015625 0.026846
