0 0.120313 0.457215 0.015625 0.018456
0 0.198437 0.461409 0.021875 0.020134
0 0.306250 0.463926 0.025000 0.031879
0 0.292187 0.494128 0.021875 0.021812
0 0.532813 0.436242 0.021875 0.030201
0 0.556250 0.418624 0.012500 0.021812
0 0.393750 0.546980 0.025000 0.033557
0 0.495312 0.505034 0.015625 0.023490
0 0.490625 0.526846 0.025000 0.016779
0 0.437500 0.572148 0.025000 0.023490
0 0.373437 0.589765 0.015625 0.021812
0 0.403125 0.648490 0.025000 0.025168
0 0.459375 0.609060 0.031250 0.023490
0 0.546875 0.535235 0.018750 0.020134
0 0.585938 0.522651 0.015625 0.021812
0 0.451562 0.672819 0.021875 0.026846
