0 0.118750 0.455537 0.018750 0.018456
0 0.201563 0.461409 0.021875 0.023490
0 0.306250 0.463926 0.031250 0.035235
0 0.287500 0.494128 0.018750 0.025168
0 0.392188 0.545302 0.015625 0.030201
0 0.395313 0.569631 0.021875 0.018456
0 0.440625 0.574664 0.018750 0.025168
0 0.457813 0.610738 0.021875 0.023490
0 0.398438 0.646812 0.028125 0.025168
0 0.370312 0.590604 0.015625 0.023490
0 0.531250 0.435403 0.018750 0.025168
0 0.557813 0.420302 0.009375 0.025168
0 0.496875 0.503356 0.018750 0.026846
0 0.489063 0.526007 0.028125 0.015101
0 0.551562 0.532718 0.015625 0.015101
0 0.584375 0.524329 0.025000 0.018456
0 0.448437 0.671141 0.021875 0.030201
