0 0.154688 0.415268 0.021875 0.018456
0 0.234375 0.423658 0.031250 0.031879
0 0.332813 0.433725 0.028125 0.041946
0 0.310937 0.463926 0.021875 0.025168
0 0.412500 0.523490 0.025000 0.036913
0 0.367188 0.577181 0.015625 0.023490
0 0.373437 0.543624 0.015625 0.013423
0 0.390625 0.562081 0.018750 0.023490
0 0.451562 0.547819 0.021875 0.025168
0 0.504687 0.338926 0.028125 0.036913
0 0.442188 0.362416 0.015625 0.016779
0 0.548438 0.406879 0.021875 0.028523
0 0.570312 0.390101 0.015625 0.018456
0 0.512500 0.479866 0.018750 0.020134
0 0.568750 0.504195 0.025000 0.028523
0 0.604688 0.493289 0.021875 0.020134
0 0.446875 0.572987 0.018750 0.011745
0 0.390625 0.587248 0.018750 0.026846
0 0.468750 0.584732 0.031250 0.028523
0 0.407813 0.622483 0.034375 0.026846
0 0.453125 0.645134 0.025000 0.031879
0 0.470313 0.681208 0.034375 0.030201
