0 0.153125 0.411913 0.025000 0.021812
0 0.235937 0.423658 0.034375 0.031879
0 0.334375 0.437919 0.025000 0.030201
0 0.314063 0.465604 0.021875 0.025168
0 0.442188 0.360738 0.021875 0.020134
0 0.504687 0.340604 0.028125 0.036913
0 0.548438 0.407718 0.028125 0.033557
0 0.575000 0.386745 0.018750 0.025168
0 0.512500 0.477349 0.025000 0.021812
0 0.412500 0.524329 0.025000 0.035235
0 0.375000 0.541107 0.018750 0.018456
0 0.364063 0.575503 0.021875 0.023490
0 0.407813 0.621644 0.034375 0.031879
0 0.465625 0.582215 0.031250 0.026846
0 0.451562 0.645973 0.040625 0.033557
0 0.470313 0.682047 0.021875 0.025168
0 0.568750 0.500000 0.025000 0.026846
0 0.607812 0.490772 0.021875 0.021812
0 0.451562 0.546980 0.028125 0.023490
0 0.337500 0.510067 0.031250 0.026846
