0 0.151562 0.503361 0.009375 0.011765
0 0.176563 0.500000 0.009375 0.025210
0 0.210938 0.496639 0.021875 0.018487
0 0.282813 0.515126 0.015625 0.018487
0 0.351562 0.568067 0.028125 0.033613
0 0.395313 0.500840 0.028125 0.026891
0 0.412500 0.529412 0.037500 0.023529
0 0.389062 0.546218 0.021875 0.010084
0 0.378125 0.584874 0.025000 0.023529
0 0.446875 0.609244 0.025000 0.021849
0 0.468750 0.595798 0.025000 0.031933
0 0.510938 0.602521 0.028125 0.028571
0 0.551562 0.476471 0.028125 0.025210
0 0.548438 0.444538 0.021875 0.025210
0 0.489063 0.352941 0.021875 0.023529
0 0.709375 0.411765 0.018750 0.013445
