0 0.403125 0.466443 0.018750 0.020134
0 0.425000 0.589765 0.025000 0.028523
0 0.467187 0.576342 0.015625 0.018456
0 0.471875 0.623322 0.031250 0.028523
0 0.498437 0.650168 0.034375 0.025168
0 0.490625 0.655201 0.043750 0.018456
0 0.490625 0.583054 0.037500 0.021812
0 0.481250 0.494966 0.031250 0.016779
0 0.532813 0.486577 0.021875 0.023490
0 0.553125 0.559564 0.025000 0.021812
0 0.534375 0.579698 0.018750 0.011745
0 0.635938 0.493289 0.015625 0.026846
0 0.684375 0.494966 0.025000 0.026846
0 0.598437 0.541107 0.021875 0.015101
