0 0.120313 0.454698 0.015625 0.023490
0 0.198437 0.461409 0.021875 0.023490
0 0.303125 0.462248 0.031250 0.038591
0 0.289062 0.494128 0.021875 0.028523
0 0.346875 0.502517 0.012500 0.018456
0 0.320312 0.544463 0.021875 0.021812
0 0.395313 0.547819 0.028125 0.035235
0 0.495312 0.503356 0.021875 0.026846
0 0.467187 0.471477 0.021875 0.036913
0 0.484375 0.380034 0.018750 0.015101
0 0.534375 0.436242 0.025000 0.030201
0 0.559375 0.414430 0.012500 0.023490
0 0.437500 0.572987 0.025000 0.021812
0 0.459375 0.610738 0.031250 0.023490
0 0.371875 0.588926 0.025000 0.026846
0 0.401562 0.649329 0.034375 0.030201
0 0.446875 0.670302 0.025000 0.028523
0 0.553125 0.534396 0.025000 0.018456
0 0.584375 0.521812 0.018750 0.020134
