0 0.176563 0.500000 0.015625 0.028571
0 0.154688 0.502521 0.015625 0.013445
0 0.209375 0.493277 0.025000 0.021849
0 0.282813 0.512605 0.015625 0.026891
0 0.395313 0.497479 0.034375 0.030252
0 0.353125 0.568067 0.025000 0.036975
0 0.415625 0.526891 0.031250 0.025210
0 0.381250 0.546218 0.043750 0.010084
0 0.379688 0.585714 0.021875 0.025210
0 0.448437 0.607563 0.028125 0.025210
0 0.476562 0.593277 0.028125 0.040336
0 0.493750 0.572269 0.025000 0.025210
0 0.512500 0.604202 0.025000 0.028571
0 0.548438 0.459664 0.028125 0.058824
0 0.487500 0.357983 0.025000 0.033613
0 0.707812 0.410924 0.028125 0.015126
0 0.475000 0.531092 0.018750 0.036975
