0 0.118750 0.454698 0.018750 0.023490
0 0.200000 0.462248 0.025000 0.025168
0 0.301563 0.460570 0.028125 0.041946
0 0.285938 0.492450 0.015625 0.025168
0 0.346875 0.500000 0.025000 0.023490
0 0.325000 0.541946 0.018750 0.023490
0 0.390625 0.549497 0.031250 0.035235
0 0.496875 0.502517 0.025000 0.021812
0 0.534375 0.436242 0.031250 0.030201
0 0.557813 0.416946 0.015625 0.025168
0 0.587500 0.521812 0.018750 0.016779
0 0.553125 0.534396 0.018750 0.011745
0 0.439063 0.572148 0.034375 0.026846
0 0.371875 0.588926 0.025000 0.030201
0 0.454688 0.608221 0.028125 0.025168
0 0.400000 0.646812 0.031250 0.028523
0 0.445312 0.668624 0.034375 0.035235
0 0.485938 0.381711 0.021875 0.018456
