0 0.184375 0.434564 0.018750 0.026846
0 0.151562 0.413591 0.028125 0.018456
0 0.235937 0.426174 0.028125 0.030201
0 0.332813 0.438758 0.015625 0.031879
0 0.414062 0.524329 0.021875 0.035235
0 0.409375 0.623322 0.031250 0.025168
0 0.384375 0.557886 0.031250 0.038591
0 0.470313 0.586409 0.028125 0.018456
0 0.446875 0.573826 0.018750 0.013423
0 0.389062 0.588926 0.015625 0.023490
0 0.451562 0.647651 0.034375 0.030201
0 0.570312 0.503356 0.021875 0.020134
0 0.510938 0.478188 0.021875 0.023490
0 0.550000 0.406879 0.018750 0.028523
0 0.573438 0.390940 0.015625 0.016779
0 0.442188 0.363255 0.015625 0.018456
0 0.503125 0.338926 0.018750 0.030201
0 0.603125 0.492450 0.018750 0.021812
0 0.470313 0.684564 0.015625 0.030201
0 0.450000 0.547819 0.018750 0.021812
