0 0.423438 0.589765 0.028125 0.031879
0 0.464062 0.575503 0.015625 0.016779
0 0.403125 0.466443 0.018750 0.023490
0 0.465625 0.625000 0.018750 0.028523
0 0.490625 0.649329 0.031250 0.026846
0 0.489063 0.656040 0.040625 0.020134
0 0.492188 0.580537 0.040625 0.020134
0 0.479687 0.494966 0.034375 0.013423
0 0.526563 0.484899 0.021875 0.020134
0 0.635938 0.491611 0.021875 0.026846
0 0.679688 0.494128 0.015625 0.021812
0 0.531250 0.579698 0.018750 0.011745
0 0.553125 0.559564 0.018750 0.018456
0 0.595313 0.539430 0.021875 0.011745
