0 0.120313 0.454698 0.021875 0.026846
0 0.200000 0.462248 0.018750 0.021812
0 0.303125 0.463087 0.031250 0.036913
0 0.285938 0.494128 0.015625 0.025168
0 0.346875 0.500000 0.012500 0.020134
0 0.393750 0.546980 0.018750 0.036913
0 0.371875 0.588087 0.012500 0.025168
0 0.437500 0.572148 0.025000 0.023490
0 0.459375 0.609060 0.031250 0.026846
0 0.401562 0.646812 0.028125 0.025168
0 0.451562 0.666946 0.009375 0.031879
0 0.493750 0.525168 0.025000 0.016779
0 0.493750 0.503356 0.018750 0.023490
0 0.464062 0.474832 0.015625 0.030201
0 0.532813 0.435403 0.021875 0.031879
0 0.556250 0.419463 0.018750 0.016779
0 0.484375 0.381711 0.012500 0.018456
0 0.553125 0.535235 0.025000 0.016779
0 0.584375 0.524329 0.018750 0.018456
