0 0.121875 0.455537 0.018750 0.021812
0 0.198437 0.463926 0.028125 0.025168
0 0.304688 0.462248 0.034375 0.041946
0 0.285938 0.494966 0.015625 0.026846
0 0.343750 0.501678 0.018750 0.020134
0 0.390625 0.549497 0.025000 0.031879
0 0.370312 0.588087 0.015625 0.028523
0 0.439063 0.573826 0.028125 0.023490
0 0.534375 0.438758 0.025000 0.031879
0 0.557813 0.417785 0.015625 0.020134
0 0.495312 0.504195 0.021875 0.028523
0 0.457813 0.609060 0.034375 0.026846
0 0.403125 0.648490 0.031250 0.028523
0 0.443750 0.670302 0.031250 0.031879
0 0.550000 0.536074 0.018750 0.015101
0 0.587500 0.524329 0.018750 0.018456
0 0.489063 0.529362 0.028125 0.018456
0 0.485938 0.380034 0.015625 0.018456
