0 0.120313 0.456376 0.021875 0.023490
0 0.201563 0.463926 0.021875 0.025168
0 0.303125 0.463087 0.031250 0.040268
0 0.284375 0.494128 0.025000 0.025168
0 0.345313 0.502517 0.015625 0.021812
0 0.390625 0.545302 0.025000 0.040268
0 0.531250 0.435403 0.025000 0.031879
0 0.559375 0.416107 0.018750 0.023490
0 0.482812 0.381711 0.015625 0.018456
0 0.495312 0.504195 0.015625 0.031879
0 0.435937 0.573826 0.021875 0.023490
0 0.457813 0.610738 0.028125 0.023490
0 0.375000 0.590604 0.025000 0.033557
0 0.403125 0.646812 0.031250 0.028523
0 0.445312 0.670302 0.028125 0.031879
0 0.550000 0.536074 0.018750 0.015101
0 0.584375 0.522651 0.025000 0.021812
0 0.465625 0.472315 0.018750 0.028523
