0 0.117188 0.453859 0.015625 0.018456
0 0.204687 0.464765 0.028125 0.026846
0 0.289062 0.490772 0.015625 0.028523
0 0.303125 0.461409 0.031250 0.040268
0 0.345313 0.498322 0.015625 0.020134
0 0.487500 0.382550 0.018750 0.020134
0 0.534375 0.436242 0.018750 0.033557
0 0.557813 0.415268 0.015625 0.021812
0 0.467187 0.473993 0.009375 0.031879
0 0.495312 0.507550 0.021875 0.035235
0 0.392188 0.545302 0.021875 0.033557
0 0.439063 0.572148 0.021875 0.026846
0 0.370312 0.587248 0.021875 0.030201
0 0.404687 0.647651 0.034375 0.030201
0 0.459375 0.609060 0.031250 0.023490
0 0.448437 0.670302 0.021875 0.028523
0 0.550000 0.535235 0.025000 0.020134
0 0.587500 0.522651 0.018750 0.018456
