0 0.123438 0.455537 0.021875 0.025168
0 0.198437 0.462248 0.028125 0.025168
0 0.298438 0.458054 0.034375 0.043624
0 0.290625 0.492450 0.025000 0.031879
0 0.345313 0.500839 0.015625 0.025168
0 0.389062 0.544463 0.028125 0.035235
0 0.495312 0.502517 0.021875 0.025168
0 0.482812 0.380872 0.015625 0.016779
0 0.532813 0.437081 0.028125 0.031879
0 0.557813 0.417785 0.015625 0.023490
0 0.546875 0.534396 0.025000 0.015101
0 0.585938 0.521812 0.021875 0.020134
0 0.492188 0.526007 0.034375 0.021812
0 0.434375 0.572148 0.025000 0.026846
0 0.373437 0.588087 0.015625 0.028523
0 0.462500 0.609899 0.031250 0.028523
0 0.401562 0.646812 0.034375 0.031879
0 0.451562 0.671141 0.034375 0.033557
