0 0.120313 0.455537 0.021875 0.018456
0 0.200000 0.461409 0.025000 0.023490
0 0.301563 0.463926 0.028125 0.031879
0 0.287500 0.496644 0.018750 0.023490
0 0.345313 0.502517 0.021875 0.021812
0 0.392188 0.552013 0.028125 0.036913
0 0.404687 0.647651 0.028125 0.030201
0 0.435937 0.572148 0.015625 0.023490
0 0.482812 0.381711 0.015625 0.015101
0 0.556250 0.417785 0.012500 0.016779
0 0.534375 0.437081 0.025000 0.031879
0 0.457813 0.609899 0.021875 0.021812
0 0.492188 0.523490 0.021875 0.023490
0 0.448437 0.669463 0.015625 0.026846
0 0.496875 0.501678 0.018750 0.016779
0 0.582812 0.523490 0.015625 0.016779
