0 0.118750 0.457215 0.012500 0.015101
0 0.198437 0.464765 0.021875 0.020134
0 0.304688 0.466443 0.028125 0.030201
0 0.289062 0.496644 0.015625 0.023490
0 0.535937 0.436242 0.021875 0.030201
0 0.557813 0.419463 0.009375 0.020134
0 0.389062 0.547819 0.015625 0.035235
0 0.498437 0.501678 0.021875 0.020134
0 0.489063 0.526846 0.021875 0.023490
0 0.437500 0.572987 0.018750 0.025168
0 0.550000 0.535235 0.018750 0.016779
0 0.581250 0.526007 0.018750 0.018456
0 0.373437 0.588087 0.015625 0.021812
0 0.456250 0.608221 0.025000 0.028523
0 0.401562 0.648490 0.028125 0.028523
0 0.451562 0.671980 0.015625 0.025168
